1 0.273953 0.859979 0.111750 0.280042
1 0.392078 0.763167 0.044344 0.166083
1 0.348062 0.755698 0.034813 0.126021
1 0.425430 0.764771 0.025578 0.151833
1 0.475633 0.782583 0.051797 0.160417
1 0.903680 0.726896 0.023047 0.088000
1 0.203523 0.716594 0.015828 0.077146
1 0.510633 0.774021 0.031516 0.155833
1 0.137188 0.730198 0.031719 0.100354
1 0.227945 0.718365 0.024297 0.080104
1 0.363711 0.754375 0.023766 0.144875
1 0.314289 0.730177 0.032234 0.082854
1 0.850312 0.726604 0.022000 0.082958
1 0.502344 0.812500 0.954688 0.370833
