2 0.218900 0.549446 0.157240 0.541574
2 0.689050 0.668280 0.368380 0.589621
2 0.406060 0.466370 0.067680 0.273557
2 0.766940 0.406050 0.025760 0.111399
2 0.882730 0.405364 0.027340 0.108746
2 0.935370 0.408397 0.080180 0.193819
2 0.864180 0.433426 0.017520 0.080612
2 0.492730 0.400437 0.060700 0.178834
2 0.563000 0.395058 0.044840 0.148892
2 0.829310 0.410714 0.022220 0.100146
2 0.787160 0.402726 0.027560 0.149534
2 0.138270 0.397974 0.046860 0.128717
2 0.514230 0.411793 0.018380 0.105918
2 0.436000 0.408163 0.764000 0.186589
